              precision    recall  f1-score   support

           0       0.80      0.74      0.77      1806
           1       0.70      0.79      0.75      1776
           2       0.70      0.49      0.57        47
           3       0.39      0.28      0.32        86
           4       0.63      0.61      0.62       130
           5       0.69      0.69      0.69       137
           6       0.80      0.79      0.79       144
           7       0.61      0.53      0.57       275
           8       0.78      0.61      0.68       273
           9       0.59      0.18      0.27        57
          10       0.39      0.43      0.41       183
          11       0.81      0.64      0.72       137
          12       0.69      0.66      0.67       465
          13       0.68      0.61      0.64       350
          14       0.75      0.30      0.43        10
          15       0.49      0.61      0.54       819
          16       0.72      0.51      0.60       235
          17       0.68      0.76      0.72       486
          18       0.73      0.74      0.73       329
          19       0.71      0.61      0.66       257
          20       0.63      0.40      0.49       121
          21       0.85      0.79      0.82      1191
          22       0.75      0.78      0.77      2745

    accuracy                           0.71     12059
   macro avg       0.68      0.59      0.62     12059
weighted avg       0.72      0.71      0.71     12059
